0.876
0.876
0.79
0.782
0.782
0.764
0.811
0.879
0.886
0.827
0.774
0.737
0.764
0.854
0.869
0.846
0.791
0.793
0.82
0.85
0.885
0.846
0.815
0.813
0.858
0.917
0.959
0.978
0.861
0.811
0.82
0.844
0.865
0.895
0.852
0.845
0.864
0.854
0.787
0.747
0.696
0.69
0.677
0.672
0.725
0.883
0.904
0.889
0.813
0.833
0.825
0.804
0.765
0.739
0.739
0.772
0.828
0.804
0.778
0.799
0.768
0.726
0.687
0.663
0.65
0.648
0.646
0.64
0.633
0.635
0.649
0.63
0.622
0.611
0.608
0.593
0.605
0.601
0.601
0.604
0.609
0.615
0.631
0.657
0.662
0.673
0.682
0.662
0.659
0.663
0.664
0.673
0.687
0.655
0.668
0.682
0.739
0.762
0.774
0.772
0.742
0.726
0.685
0.659
0.663
0.68
0.682
0.687
0.668
0.655
0.651
0.653
0.649
0.666
0.692
0.678
0.695
0.676
0.654
0.646
0.63
0.713
0.735
0.695
0.686
0.663
0.645
0.626
0.618
0.612
0.605
0.613
0.657
0.752
0.818
0.771
0.729
0.703
0.69
0.683
0.684
0.68
0.692
0.703
0.681
0.686
0.701
0.707
0.693
0.671
0.65
0.63
0.614
0.616
0.612
0.634
0.672
0.69
0.759
0.794
0.79
0.807
0.829
0.768
0.772
0.759
0.762
0.763
0.724
0.726
0.715
0.778
0.805
0.775
0.772
0.738
0.694
0.655
0.626
0.616
0.606
0.613
0.688
0.708
0.693
0.715
0.871
0.914
0.88
0.856
0.816
0.769
0.735
0.705
0.679
0.657
0.665
0.691
0.818
0.899
0.865
0.788
0.764
0.78
0.79
0.809
0.744
0.722
0.697
0.707
0.72
0.764
0.725
0.716
0.721
0.692
0.662
0.649
0.627
0.616
0.604
0.591
0.594
0.594
0.738
0.739
0.914
0.848
0.779
0.771
0.788
0.752
0.744
0.716
0.712
0.701
0.697
0.721
0.753
0.779
0.763
0.727
0.725
0.688
0.684
0.687
0.716
0.795
0.821
0.823
0.792
0.77
0.771
0.771
0.765
0.742
0.751
0.801
0.833
0.864
0.818
0.787
0.775
0.75
0.758
0.737
0.727
0.723
0.668
0.671
0.662
0.687
0.749
0.755
0.737
0.735
0.706
0.696
0.677
0.662
0.646
0.635
0.639
0.646
0.669
0.753
0.761
0.753
0.759
0.742
0.741
0.73
0.724
0.723
0.724
0.717
0.709
0.701
0.695
0.709
0.735
0.775
0.758
0.728
0.701
0.715
0.782
0.827
0.824
0.796
0.781
0.768
0.755
0.738
0.743
0.743
0.723
0.711
0.723
0.762
0.805
0.836
0.8
0.772
0.761
0.745
0.742
0.726
0.747
0.779
0.802
0.85
0.838
0.77
0.701
0.685
0.67
0.674
0.676
0.683
0.706
0.696
0.69
0.689
0.673
0.668
0.669
0.671
0.687
0.709
0.73
0.748
0.751
0.747
0.748
0.737
0.725
0.753
0.785
0.827
0.82
0.787
0.805
0.782
0.743
0.728
0.712
0.726
0.751
0.773
0.818
0.826
0.828
0.807
0.779
0.738
0.663
0.655
0.635
0.638
0.714
0.794
0.818
0.786
0.759
0.742
0.729
0.703
0.671
0.652
0.647
0.636
0.633
0.628
0.624
0.641
0.661
0.719
0.777
0.753
0.755
0.748
0.697
0.668
0.661
0.647
0.664
0.68
0.682
0.687
0.748
0.822
0.83
0.807
0.766
0.729
0.722
0.722
0.706
0.753
0.777
0.713
0.683
0.672
0.671
0.705
0.815
0.845
0.872
0.854
0.823
0.748
0.716
0.689
0.691
0.729
0.778
0.743
0.716
0.74
0.812
0.892
0.929
0.953
0.927
0.821
0.769
0.741
0.748
0.772
0.76
0.746
0.764
0.837
0.769
0.723
0.758
0.737
0.711
0.691
0.686
0.678
0.652
0.646
0.64
0.645
0.693
0.748
0.778
0.768
0.737
0.743
0.74
0.746
0.742
0.751
0.745
0.803
0.788
0.848
0.854
0.85
0.849
0.821
0.776
0.7
0.671
0.665
0.683
0.756
0.809
0.766
0.758
0.719
0.745
0.773
0.785
0.762
0.769
0.745
0.768
0.786
0.821
0.814
0.795
0.844
0.863
0.863
0.812
0.822
0.813
0.803
0.769
0.775
0.779
0.758
0.789
0.768
0.723
0.696
0.699
0.718
0.77
0.769
0.742
0.751
0.767
0.758
0.73
0.73
0.735
0.71
0.694
0.697
0.713
0.734
0.748
0.76
0.722
0.714
0.704
0.695
0.679
0.687
0.727
0.773
0.776
0.696
0.686
0.67
0.682
0.694
0.692
0.687
0.668
0.658
0.659
0.659
0.682
0.801
0.851
0.876
0.863
0.842
0.802
0.768
0.72
0.735
0.795
0.845
0.815
0.874
0.915
0.862
0.859
0.879
0.875
0.818
0.801
0.832
0.893
0.882
0.854
0.817
0.823
0.798
0.752
0.703
0.689
0.697
0.754
0.783
0.817
0.832
0.792
0.786
0.758
0.727
0.707
0.731
0.754
0.768
0.739
0.72
0.744
0.778
0.798
0.767
0.789
0.781
0.758
0.724
0.715
0.681
0.665
0.698
0.712
0.793
0.817
0.784
0.806
0.778
0.745
0.71
0.692
0.695
0.727
0.782
0.763
0.734
0.728
0.729
0.744
0.722
0.716
0.696
0.718
0.696
0.687
0.706
0.728
0.766
0.771
0.786
0.809
0.826
0.812
0.794
0.813
0.828
0.803
0.829
0.822
0.778
0.743
0.718
0.74
0.822
0.844
0.88
0.881
0.842
0.795
0.774
0.756
0.729
0.727
0.753
0.77
0.836
0.898
0.916
0.911
0.854
0.833
0.762
0.705
0.681
0.673
0.848
0.848
0.916
0.835
0.812
0.774
0.757
0.754
0.733
0.714
0.697
0.692
0.681
0.694
0.729
0.729
0.771
0.797
0.792
0.755
0.76
0.755
0.748
0.716
0.749
0.758
0.791
0.796
0.829
0.833
0.816
0.788
0.789
0.765
0.749
0.719
0.696
0.685
0.696
0.699
0.685
0.685
0.681
0.687
0.731
0.759
0.734
0.769
0.769
0.773
0.748
0.728
0.714
0.688
0.682
0.661
0.679
0.694
0.753
0.738
0.768
0.788
0.785
0.739
0.719
0.703
0.698
0.7
0.743
0.744
0.76
0.771
0.784
0.778
0.733
0.71
0.705
0.707
0.713
0.688
0.702
0.724
0.748
0.735
0.723
0.719
0.708
0.714
0.738
0.778
0.766
0.756
0.738
0.763
0.784
0.818
0.793
0.797
0.792
0.783
0.748
0.718
0.711
0.789
0.832
0.866
0.803
0.797
0.785
0.77
0.747
0.713
0.738
0.768
0.821
0.79
0.817
0.823
0.863
0.777
0.731
0.723
0.683
0.679
0.694
0.716
0.706
0.694
0.672
0.702
0.757
0.816
0.815
0.788
0.746
0.69
0.658
0.656
0.637
0.642
0.661
0.657
0.66
0.755
0.857
0.868
0.822
0.802
0.792
0.771
0.739
0.694
0.675
0.664
0.663
0.674
0.696
0.688
0.688
0.715
0.726
0.719
0.693
0.672
0.651
0.645
0.651
0.654
0.655
0.66
0.645
0.621
0.611
0.605
0.604
0.612
0.625
0.629
0.618
0.633
0.647
0.665
0.727
0.763
0.763
0.747
0.739
0.712
0.673
0.677
0.761
0.886
0.926
0.934
0.918
0.848
0.781
0.738
0.724
0.748
0.817
0.838
0.797
0.782
0.809
0.8
0.763
0.726
0.704
0.707
0.738
0.743
0.771
0.739
0.709
0.712
0.711
0.72
0.697
0.682
0.671
0.672
0.674
0.71
0.847
0.912
0.881
0.857
0.816
0.802
0.754
0.688
0.683
0.684
0.732
0.802
0.827
0.854
0.842
0.796
0.789
0.781
0.765
0.791
0.786
0.79
0.811
0.747
0.711
0.691
0.74
0.829
0.868
0.865
0.804
0.803
0.756
0.697
0.687
0.665
0.655
0.66
0.658
0.693
0.783
0.759
0.755
0.736
0.709
0.684
0.701
0.709
0.729
0.693
0.678
0.664
0.654
0.658
0.69
0.724
0.73
0.734
0.74
0.735
0.726
0.729
0.761
0.807
0.847
0.842
0.785
0.759
0.694
0.648
0.638
0.621
0.638
0.694
0.717
0.761
0.771
0.816
0.853
0.807
0.746
0.715
0.687
0.665
0.66
0.634
0.624
0.646
0.679
0.717
0.752
0.792
0.852
0.835
0.798
0.738
0.726
0.701
0.674
0.663
0.659
0.669
0.737
0.8
0.826
0.812
0.818
0.802
0.791
0.741
0.73
0.72
0.709
0.705
0.728
0.766
0.809
0.838
0.81
0.807
0.796
0.771
0.711
0.678
0.65
0.651
0.653
0.678
0.771
0.807
0.821
0.832
0.833
0.783
0.737
0.692
0.686
0.685
0.773
0.811
0.786
0.805
0.805
0.773
0.785
0.785
0.789
0.761
0.721
0.735
0.758
0.767
0.801
0.77
0.792
0.778
0.776
0.741
0.722
0.697
0.687
0.747
0.796
0.789
0.814
0.839
0.837
0.805
0.773
0.761
0.748
0.725
0.721
0.768
0.798
0.818
0.781
0.767
0.768
0.768
0.775
0.75
0.75
0.758
0.753
0.731
0.717
0.704
0.728
0.751
0.753
0.715
0.716
0.709
0.728
0.726
0.708
0.672
0.648
0.637
0.643
0.643
0.642
0.641
0.656
0.655
0.648
0.633
0.629
0.628
0.63
0.639
0.656
0.659
0.663
0.669
0.677
0.691
0.676
0.68
0.674
0.683
0.692
0.718
0.735
0.755
0.737
0.717
0.687
0.665
0.653
0.648
0.651
0.656
0.682
0.697
0.713
0.763
0.805
0.809
0.733
0.698
0.645
0.627
0.616
0.607
0.594
0.601
0.614
0.65
0.737
0.753
0.723
0.728
0.727
0.703
0.681
0.66
0.63
0.623
0.632
0.643
0.727
0.823
0.779
0.735
0.741
0.772
0.737
0.729
0.717
0.703
0.689
0.708
0.755
0.796
0.817
0.812
0.827
0.836
0.796
0.755
0.752
0.748
0.752
0.741
0.707
0.709
0.701
0.701
0.674
0.664
0.677
0.688
0.718
0.712
0.721
0.735
0.742
0.742
0.724
0.734
0.725
0.708
0.687
0.689
0.688
0.698
0.682
0.669
0.669
0.684
0.701
0.695
0.705
0.718
0.713
0.691
0.7
0.707
0.716
0.678
0.667
0.669
0.657
0.646
0.632
0.632
0.649
0.687
0.696
0.672
0.659
0.669
0.732
0.755
0.742
0.727
0.695
0.655
0.646
0.639
0.639
0.628
0.631
0.635
0.65
0.673
0.689
0.691
0.717
0.718
0.665
0.665
0.648
0.652
0.66
0.645
0.639
0.644
0.667
0.694
0.696
0.719
0.719
0.691
0.681
0.667
0.643
0.624
0.635
0.636
0.67
0.704
0.75
0.776
0.781
0.766
0.736
0.699
0.664
0.65
0.63
0.626
0.621
0.628
0.653
0.681
0.679
0.684
0.684
0.753
0.761
0.751
0.725
0.74
0.729
0.687
0.678
0.691
0.736
0.756
0.742
0.77
0.785
0.768
0.748
0.738
0.739
0.718
0.726
0.742
0.762
0.75
0.78
0.798
0.801
0.767
0.768
0.747
0.706
0.683
0.714
0.758
0.781
0.76
0.742
0.725
0.695
0.664
0.652
0.65
0.667
0.717
0.763
0.753
0.73
0.74
0.739
0.745
0.726
0.719
0.737
0.737
0.711
0.702
0.69
0.718
0.701
0.696
0.704
0.76
0.745
0.734
0.756
0.769
0.72
0.675
0.653
0.638
0.634
0.66
0.71
0.771
0.764
0.779
0.801
0.808
0.801
0.766
0.743
0.709
0.718
0.758
0.814
0.856
0.861
0.818
0.819
0.804
0.796
0.761
0.778
0.745
0.762
0.753
0.763
0.777
0.797
0.801
0.749
0.721
0.697
0.705
0.725
0.76
0.766
0.748
0.747
0.736
0.712
0.687
0.684
0.69
0.721
0.771
0.799
0.769
0.756
0.768
0.758
0.731
0.726
0.686
0.676
0.676
0.684
0.725
0.779
0.799
0.795
0.787
0.769
0.72
0.674
0.672
0.681
0.71
0.751
0.758
0.773
0.81
0.83
0.794
0.796
0.758
0.749
0.709
0.709
0.736
0.796
0.84
0.811
0.842
0.848
0.855
0.786
0.729
0.688
0.663
0.685
0.769
0.782
0.806
0.853
0.876
0.863
0.856
0.84
0.812
0.779
0.756
0.767
0.798
0.817
0.8
0.781
0.801
0.816
0.843
0.806
0.793
0.805
0.8
0.782
0.729
0.697
0.665
0.656
0.658
0.734
0.76
0.797
0.788
0.741
0.729
0.696
0.672
0.64
0.632
0.632
0.66
0.705
0.734
0.737
0.799
0.768
0.714
0.699
0.691
0.668
0.644
0.634
0.624
0.619
0.624
0.664
0.76
0.789
0.811
0.705
0.705
0.661
0.651
0.655
0.668
0.656
0.654
0.651
0.684
0.726
0.763
0.76
0.751
0.72
0.688
0.65
0.618
0.6
0.59
0.597
0.678
0.889
0.89
0.83
0.838
0.843
0.816
0.734
0.699
0.684
0.698
0.724
0.729
0.758
0.79
0.813
0.792
0.753
0.729
0.73
0.729
0.709
0.687
0.686
0.687
0.663
0.673
0.645
0.641
0.659
0.709
0.737
0.74
0.778
0.812
0.793
0.756
0.763
0.762
0.725
0.69
0.692
0.698
0.706
0.698
0.722
0.764
0.822
0.853
0.805
0.784
0.77
0.767
0.755
0.734
0.753
0.777
0.802
0.789
0.793
0.799
0.777
0.719
0.708
0.722
0.757
0.796
0.784
0.791
0.812
0.826
0.796
0.778
0.792
0.781
0.752
0.77
0.822
0.843
0.803
0.837
0.877
0.88
0.886
0.872
0.842
0.809
0.804
0.824
0.84
0.802
0.811
0.809
0.772
0.728
0.729
0.74
0.816
0.823
0.812
0.751
0.759
0.748
0.728
0.739
0.773
0.786
0.747
0.735
0.725
0.732
0.743
0.729
0.757
0.764
0.772
0.774
0.782
0.787
0.765
0.747
0.742
0.725
0.687
0.67
0.661
0.661
0.682
0.694
0.739
0.817
0.847
0.806
0.75
0.7
0.664
0.645
0.63
0.635
0.639
0.65
0.645
0.627
0.63
0.646
0.673
0.728
0.754
0.726
0.754
0.752
0.742
0.7
0.668
0.65
0.619
0.623
0.633
0.69
0.753
0.793
0.866
0.9
0.859
0.857
0.834
0.792
0.729
0.744
0.759
0.843
0.817
0.802
0.826
0.858
0.831
0.819
0.824
0.804
0.749
0.76
0.769
0.813
0.785
0.776
0.792
0.805
0.804
0.772
0.794
0.817
0.824
0.784
0.793
0.804
0.829
0.822
0.787
0.802
0.807
0.864
0.809
0.811
0.798
0.809
0.774
0.777
0.773
0.807
0.78
0.792
0.834
0.867
0.884
0.83
0.803
0.796
0.788
0.765
0.75
0.763
0.775
0.82
0.826
0.83
0.825
0.823
0.784
0.756
0.717
0.723
0.723
0.725
0.75
0.771
0.805
0.783
0.798
0.772
0.762
0.72
0.698
0.683
0.687
0.669
0.638
0.628
0.605
0.597
0.604
0.633
0.696
0.744
0.768
0.759
0.758
0.717
0.705
0.711
0.697
0.69
0.668
0.683
0.672
0.678
0.66
0.65
0.648
0.672
0.703
0.68
0.687
0.708
0.737
0.801
0.761
0.698
0.666
0.652
0.652
0.674
0.732
0.725
0.74
0.777
0.787
0.74
0.787
0.792
0.757
0.715
0.726
0.729
0.742
0.744
0.719
0.736
0.737
0.741
0.73
0.74
0.753
0.793
0.783
0.758
0.776
0.802
0.815
0.798
0.78
0.798
0.794
0.807
0.771
0.755
0.767
0.781
0.79
0.752
0.756
0.771
0.792
0.745
0.711
0.716
0.728
0.72
0.699
0.689
0.729
0.77
0.762
0.758
0.744
0.765
0.778
0.777
0.737
0.718
0.716
0.756
0.787
0.759
0.748
0.753
0.759
0.764
0.746
0.733
0.745
0.771
0.81
0.784
0.795
0.801
0.785
0.729
0.712
0.715
0.729
0.745
0.736
0.75
0.762
0.774
0.747
0.714
0.712
0.712
0.733
0.77
0.75
0.759
0.768
0.741
0.723
0.704
0.727
0.784
0.773
0.753
0.725
0.704
0.711
0.752
0.797
0.799
0.789
0.79
0.771
0.74
0.767
0.779
0.769
0.741
0.714
0.711
0.743
0.756
0.763
0.747
0.71
0.694
0.71
0.736
0.724
0.717
0.737
0.76
0.744
0.725
0.711
0.726
0.771
0.788
0.753
0.744
0.757
0.758
0.752
0.732
0.727
0.743
0.763
0.807
0.827
0.797
0.812
0.821
0.827
0.825
0.782
0.78
0.765
0.771
0.774
0.764
0.801
0.838
0.86
0.776
0.735
0.685
0.669
0.682
0.663
0.663
0.665
0.651
0.639
0.64
0.642
0.676
0.764
0.865
0.874
0.799
0.734
0.693
0.685
0.722
0.818
0.812
0.837
0.782
0.824
0.878
0.932
0.869
0.809
0.783
0.734
0.711
0.7
0.7
0.725
0.827
0.869
0.876
0.936
0.919
0.87
0.786
0.749
0.733
0.758
0.798
0.8
0.781
0.846
0.928
0.941
0.876
0.806
0.786
0.786
0.796
0.822
0.796
0.799
0.816
0.85
0.851
0.787
0.758
0.759
0.761
0.804
0.797
0.767
0.787
0.807
0.838
0.788
0.747
0.752
0.766
0.762
0.74
0.72
0.756
0.779
0.786
0.743
0.751
0.745
0.748
0.719
0.712
0.725
0.749
0.75
0.74
0.708
0.688
0.688
0.718
0.781
0.791
0.751
0.763
0.755
0.708
0.686
0.688
0.698
0.728
0.712
0.712
0.712
0.752
0.793
0.788
0.756
0.721
0.703
0.703
0.705
0.71
0.701
0.688
0.716
0.775
0.81
0.78
0.733
0.711
0.711
0.703
0.682
0.669
0.661
0.666
0.798
0.82
0.773
0.754
0.724
0.723
0.742
0.762
0.761
0.741
0.736
0.762
0.768
0.775
0.741
0.708
0.695
0.718
0.743
0.755
0.786
0.82
0.837
0.811
0.752
0.725
0.701
0.694
0.684
0.679
0.706
0.752
0.763
0.715
0.735
0.805
0.808
0.745
0.698
0.67
0.659
0.655
0.731
0.792
0.771
0.793
0.835
0.879
0.835
0.764
0.737
0.73
0.737
0.723
0.74
0.738
0.795
0.811
0.836
0.79
0.761
0.765
0.765
0.771
0.733
0.772
0.772
0.77
0.754
0.729
0.727
0.765
0.784
0.756
0.73
0.728
0.771
0.812
0.813
0.79
0.747
0.693
0.668
0.669
0.727
0.87
0.887
0.804
0.765
0.787
0.879
0.874
0.8
0.759
0.729
0.737
0.807
0.794
0.784
0.788
0.784
0.765
0.728
0.697
0.704
0.742
0.801
0.824
0.79
0.759
0.745
0.774
0.791
0.771
0.751
0.698
0.666
0.654
0.672
0.755
0.824
0.803
0.868
0.916
0.916
0.832
0.815
0.8
0.789
0.79
0.772
0.784
0.854
0.931
0.951
0.901
0.878
0.87
0.875
0.839
0.794
0.786
0.782
0.801
0.808
0.787
0.803
0.845
0.891
0.889
0.814
0.773
0.771
0.771
0.783
0.786
0.757
0.772
0.795
0.828
0.826
0.775
0.771
0.774
0.771
0.734
0.699
0.687
0.692
0.692
0.699
0.686
0.704
0.731
0.771
0.781
0.768
0.729
0.708
0.687
0.703
0.748
0.74
0.744
0.741
0.716
0.723
0.777
0.805
0.823
0.802
0.765
0.738
0.715
0.716
0.768
0.814
0.833
0.805
0.764
0.746
0.729
0.721
0.702
0.677
0.66
0.669
0.709
0.792
0.779
0.775
0.802
0.801
0.774
0.738
0.721
0.735
0.753
0.77
0.788
0.773
0.804
0.825
0.813
0.804
0.752
0.759
0.762
0.772
0.753
0.729
0.724
0.751
0.799
0.793
0.783
0.795
0.784
0.779
0.752
0.72
0.695
0.705
0.74
0.771
0.745
0.726
0.715
0.705
0.721
0.761
0.74
0.726
0.713
0.72
0.731
0.737
0.734
0.739
0.753
0.781
0.799
0.771
0.734
0.718
0.718
0.748
0.769
0.753
0.753
0.763
0.789
0.785
0.761
0.768
0.79
0.826
0.836
0.808
0.769
0.772
0.767
0.779
0.776
0.758
0.784
0.799
0.809
0.768
0.765
0.774
0.774
0.787
0.757
0.733
0.729
0.74
0.753
0.758
0.737
0.725
0.708
0.726
0.761
0.748
0.744
0.721
0.707
0.7
0.712
0.724
0.737
0.72
0.725
0.729
0.718
0.702
0.715
0.736
0.722
0.721
0.77
0.771
0.761
0.739
0.707
0.69
0.699
0.725
0.763
0.788
0.79
0.743
0.727
0.721
0.718
0.714
0.698
0.688
0.698
0.732
0.759
0.765
0.745
0.747
0.76
0.765
0.772
0.772
0.743
0.752
0.743
0.737
0.729
0.729
0.761
0.788
0.796
0.795
0.774
0.778
0.784
0.769
0.759
0.719
0.706
0.704
0.724
0.704
0.688
0.705
0.742
0.764
0.771
0.747
0.716
0.685
0.681
0.689
0.722
0.709
0.718
0.753
0.776
0.809
0.81
0.766
0.742
0.701
0.654
0.637
0.631
0.635
0.686
0.762
0.754
0.74
0.724
0.748
0.772
0.783
0.741
0.694
0.687
0.691
0.689
0.681
0.665
0.668
0.667
0.648
0.643
0.64
0.674
0.745
0.793
0.757
0.698
0.669
0.652
0.641
0.648
0.662
0.681
0.7
0.7
0.692
0.704
0.729
0.738
0.723
0.721
0.732
0.742
0.706
0.699
0.716
0.735
0.722
0.715
0.704
0.698
0.747
0.783
0.777
0.729
0.693
0.671
0.664
0.666
0.697
0.799
0.841
0.864
0.845
0.8
0.732
0.696
0.687
0.706
0.754
0.792
0.847
0.842
0.812
0.795
0.804
0.806
0.799
0.754
0.722
0.746
0.747
0.738
0.723
0.708
0.702
0.747
0.826
0.819
0.793
0.769
0.748
0.726
0.759
0.782
0.807
0.802
0.797
0.779
0.771
0.748
0.723
0.711
0.698
0.722
0.801
0.813
0.79
0.756
0.746
0.737
0.737
0.752
0.751
0.756
0.786
0.787
0.749
0.721
0.682
0.668
0.67
0.702
0.708
0.718
0.729
0.756
0.781
0.794
0.756
0.737
0.729
0.726
0.753
0.748
0.733
0.756
0.797
0.819
0.795
0.782
0.719
0.677
0.653
0.645
0.654
0.681
0.759
0.8
0.805
0.77
0.729
0.702
0.684
0.698
0.727
0.758
0.747
0.726
0.707
0.697
0.678
0.651
0.635
0.617
0.624
0.632
0.719
0.804
0.806
0.794
0.771
0.746
0.747
0.768
0.784
0.832
0.805
0.789
0.761
0.705
0.665
0.647
0.648
0.697
0.877
0.859
0.917
0.86
0.842
0.85
0.827
0.815
0.783
0.732
0.694
0.742
0.879
0.827
0.821
0.806
0.773
0.744
0.78
0.823
0.832
0.795
0.804
0.838
0.793
0.747
0.735
0.714
0.706
0.715
0.759
0.847
0.876
0.862
0.859
0.822
0.747
0.677
0.623
0.63
0.614
0.633
0.666
0.679
0.644
0.657
0.668
0.691
0.814
0.825
0.833
0.804
0.779
0.739
0.728
0.712
0.704
0.772
0.755
0.772
0.845
0.89
0.927
0.914
0.886
0.78
0.755
0.743
0.743
0.761
0.801
0.839
0.823
0.804
0.768
0.756
0.701
0.713
0.74
0.784
0.783
0.783
0.738
0.846
0.846
0.838
0.81
0.778
0.758
0.741
0.722
0.692
0.692
0.67
0.636
0.639
0.666
0.687
0.78
0.858
0.844
0.871
0.845
0.829
0.744
0.752
0.81
0.832
0.903
0.911
0.909
0.92
0.925
0.924
0.919
0.882
0.838
0.821
0.78
0.796
0.79
0.842
0.841
0.868
0.894
0.871
0.824
0.816
0.739
0.718
0.709
0.708
0.736
0.765
0.771
0.774
0.751
0.708
0.685
0.678
0.68
0.734
0.844
0.888
0.874
0.835
0.735
0.663
0.663
0.648
0.646
0.652
0.674
0.716
0.705
0.71
0.681
0.65
0.646
0.654
0.695
0.799
0.798
0.789
0.764
0.746
0.756
0.792
0.785
0.75
0.711
0.726
0.728
0.729
0.732
0.736
0.786
0.775
0.76
0.718
0.714
0.698
0.689
0.67
0.651
0.65
0.682
0.819
0.932
0.859
0.736
0.691
0.675
0.667
0.656
0.656
0.681
0.723
0.716
0.728
0.687
0.655
0.651
0.672
0.727
0.776
0.731
0.7
0.69
0.679
0.686
0.676
0.688
0.672
0.66
0.651
0.629
0.608
0.604
0.62
0.657
0.751
0.769
0.82
0.842
0.875
0.851
0.843
0.828
0.751
0.764
0.729
0.717
0.721
0.772
0.929
0.938
0.882
0.86
0.832
0.744
0.739
0.719
0.763
0.785
0.763
0.748
0.809
0.84
0.819
0.766
0.757
0.751
0.778
0.801
0.767
0.764
0.785
0.831
0.841
0.858
0.854
0.822
0.777
0.767
0.756
0.796
0.799
0.8
0.822
0.841
0.829
0.796
0.8
0.794
0.746
0.687
0.656
0.644
0.634
0.684
0.921
0.94
0.926
0.877
0.84
0.823
0.78
0.718
0.687
0.667
0.666
0.678
0.677
0.636
0.63
0.636
0.642
0.639
0.664
0.819
0.894
0.899
0.863
0.801
0.734
0.729
0.719
0.751
0.797
0.836
0.853
0.86
0.82
0.799
0.813
0.787
0.779
0.776
0.831
1.014
1.061
0.971
0.865
0.802
0.748
0.721
0.699
0.675
0.673
0.733
0.86
0.928
0.856
0.845
0.825
0.782
0.726
0.739
0.73
0.71
0.673
0.687
0.659
0.659
0.649
0.705
0.712
0.817
0.781
0.787
0.78
0.763
0.709
0.688
0.691
0.692
0.679
0.669
0.645
0.644
0.669
0.699
0.776
0.836
0.785
0.782
0.746
0.694
0.696
0.713
0.76
0.742
0.774
0.787
0.794
0.769
0.773
0.788
0.817
0.828
0.784
0.782
0.775
0.779
0.724
0.709
0.704
0.74
0.717
0.733
0.759
0.804
0.873
0.831
0.835
0.825
0.77
0.711
0.7
0.719
0.82
0.854
0.824
0.84
0.854
0.835
0.772
0.739
0.717
0.709
0.695
0.689
0.679
0.713
0.891
0.912
0.881
0.827
0.769
0.74
0.722
0.716
0.688
0.7
0.753
0.827
0.827
0.807
0.812
0.804
0.793
0.756
0.72
0.711
0.722
0.742
0.765
0.785
0.791
0.776
0.753
0.743
0.734
0.699
0.696
0.723
0.771
0.815
0.81
0.799
0.784
0.776
0.761
0.725
0.722
0.715
0.733
0.759
0.778
0.777
0.792
0.736
0.68
0.663
0.665
0.661
0.667
0.669
0.686
0.766
0.896
0.888
0.834
0.831
0.822
0.769
0.74
0.717
0.683
0.643
0.638
0.631
0.65
0.71
0.698
0.715
0.811
0.834
0.823
0.753
0.753
0.708
0.666
0.646
0.628
0.622
0.636
0.704
0.842
0.864
0.854
0.911
0.901
0.888
0.811
0.742
0.707
0.683
0.708
0.78
0.872
0.861
0.807
0.784
0.784
0.757
0.775
0.773
0.82
0.824
0.841
0.846
0.862
0.83
0.822
0.816
0.802
0.78
0.751
0.765
0.871
0.955
0.969
0.931
0.854
0.819
0.797
0.765
0.771
0.787
0.879
0.945
0.921
0.889
0.847
0.771
0.839
0.877
0.876
0.85
0.828
0.815
0.805
0.753
0.745
0.733
0.771
0.897
0.946
0.896
0.837
0.802
0.751
0.714
0.677
0.68
0.69
0.722
0.739
0.721
0.722
0.711
0.694
0.688
0.676
0.697
0.718
0.754
0.758
0.765
0.728
0.7
0.673
0.648
0.655
0.657
0.676
0.694
0.683
0.714
0.814
0.854
0.821
0.771
0.747
0.753
0.745
0.748
0.732
0.727
0.771
0.855
0.893
0.887
0.863
0.804
0.806
0.8
0.794
0.739
0.762
0.773
0.805
0.813
0.859
0.873
0.92
0.883
0.846
0.803
0.763
0.719
0.687
0.687
0.723
0.845
0.87
0.837
0.851
0.834
0.799
0.734
0.717
0.704
0.706
0.701
0.695
0.687
0.68
0.669
0.678
0.71
0.748
0.724
0.698
0.676
0.675
0.673
0.69
0.72
0.729
0.756
0.77
0.766
0.753
0.717
0.724
0.725
0.728
0.72
0.731
0.791
0.822
0.866
0.842
0.778
0.771
0.729
0.692
0.678
0.678
0.717
0.826
0.838
0.802
0.821
0.826
0.825
0.761
0.735
0.705
0.687
0.671
0.651
0.661
0.686
0.725
0.687
0.71
0.663
0.646
0.643
0.647
0.648
0.697
0.736
0.732
0.699
0.709
0.69
0.677
0.669
0.679
0.66
0.679
0.719
0.734
0.737
0.722
0.698
0.678
0.649
0.661
0.681
0.742
0.823
0.771
0.808
0.799
0.787
0.742
0.709
0.728
0.779
0.85
0.864
0.788
0.787
0.778
0.788
0.777
0.756
0.777
0.805
0.807
0.79
0.767
0.77
0.779
0.791
0.768
0.745
0.726
0.711
0.751
0.814
0.865
0.876
0.869
0.827
0.83
0.803
0.783
0.74
0.713
0.716
0.751
0.786
0.776
0.763
0.802
0.873
0.923
0.865
0.804
0.797
0.774
0.762
0.747
0.748
0.752
0.762
0.763
0.745
0.785
0.781
0.786
0.749
0.696
0.679
0.674
0.687
0.708
0.708
0.747
0.777
0.784
0.751
0.697
0.695
0.695
0.669
0.649
0.646
0.648
0.685
0.718
0.686
